2020/06/23-14:09:49.843426 7f058347c700 RocksDB version: 6.2.2
2020/06/23-14:09:49.843478 7f058347c700 Git sha rocksdb_build_git_sha:6d113fc066c5816887eb19c84d12c0677a68af2b
2020/06/23-14:09:49.843482 7f058347c700 Compile date May 24 2020
2020/06/23-14:09:49.843488 7f058347c700 DB SUMMARY
2020/06/23-14:09:49.843529 7f058347c700 CURRENT file:  CURRENT
2020/06/23-14:09:49.843531 7f058347c700 IDENTITY file:  IDENTITY
2020/06/23-14:09:49.843536 7f058347c700 MANIFEST file:  MANIFEST-000005 size: 59 Bytes
2020/06/23-14:09:49.843540 7f058347c700 SST files in ~/plasma-data/child_chain dir, Total Num: 0, files: 
2020/06/23-14:09:49.843542 7f058347c700 Write Ahead Log file in ~/plasma-data/child_chain: 000006.log size: 616 ; 
2020/06/23-14:09:49.843544 7f058347c700                         Options.error_if_exists: 0
2020/06/23-14:09:49.843545 7f058347c700                       Options.create_if_missing: 0
2020/06/23-14:09:49.843546 7f058347c700                         Options.paranoid_checks: 1
2020/06/23-14:09:49.843547 7f058347c700                                     Options.env: 0x7f052b72e400
2020/06/23-14:09:49.843548 7f058347c700                                Options.info_log: 0x7f052c004ca0
2020/06/23-14:09:49.843550 7f058347c700                Options.max_file_opening_threads: 16
2020/06/23-14:09:49.843551 7f058347c700                              Options.statistics: (nil)
2020/06/23-14:09:49.843552 7f058347c700                               Options.use_fsync: 0
2020/06/23-14:09:49.843553 7f058347c700                       Options.max_log_file_size: 0
2020/06/23-14:09:49.843555 7f058347c700                  Options.max_manifest_file_size: 1073741824
2020/06/23-14:09:49.843556 7f058347c700                   Options.log_file_time_to_roll: 0
2020/06/23-14:09:49.843557 7f058347c700                       Options.keep_log_file_num: 1000
2020/06/23-14:09:49.843558 7f058347c700                    Options.recycle_log_file_num: 0
2020/06/23-14:09:49.843559 7f058347c700                         Options.allow_fallocate: 1
2020/06/23-14:09:49.843560 7f058347c700                        Options.allow_mmap_reads: 0
2020/06/23-14:09:49.843561 7f058347c700                       Options.allow_mmap_writes: 0
2020/06/23-14:09:49.843563 7f058347c700                        Options.use_direct_reads: 0
2020/06/23-14:09:49.843564 7f058347c700                        Options.use_direct_io_for_flush_and_compaction: 0
2020/06/23-14:09:49.843565 7f058347c700          Options.create_missing_column_families: 0
2020/06/23-14:09:49.843566 7f058347c700                              Options.db_log_dir: 
2020/06/23-14:09:49.843567 7f058347c700                                 Options.wal_dir: ~/plasma-data/child_chain
2020/06/23-14:09:49.843568 7f058347c700                Options.table_cache_numshardbits: 6
2020/06/23-14:09:49.843569 7f058347c700                      Options.max_subcompactions: 1
2020/06/23-14:09:49.843570 7f058347c700                  Options.max_background_flushes: -1
2020/06/23-14:09:49.843572 7f058347c700                         Options.WAL_ttl_seconds: 0
2020/06/23-14:09:49.843573 7f058347c700                       Options.WAL_size_limit_MB: 0
2020/06/23-14:09:49.843574 7f058347c700             Options.manifest_preallocation_size: 4194304
2020/06/23-14:09:49.843575 7f058347c700                     Options.is_fd_close_on_exec: 1
2020/06/23-14:09:49.843576 7f058347c700                   Options.advise_random_on_open: 1
2020/06/23-14:09:49.843577 7f058347c700                    Options.db_write_buffer_size: 0
2020/06/23-14:09:49.843578 7f058347c700                    Options.write_buffer_manager: 0x7f052c0046b0
2020/06/23-14:09:49.843579 7f058347c700         Options.access_hint_on_compaction_start: 1
2020/06/23-14:09:49.843581 7f058347c700  Options.new_table_reader_for_compaction_inputs: 0
2020/06/23-14:09:49.843582 7f058347c700           Options.random_access_max_buffer_size: 1048576
2020/06/23-14:09:49.843583 7f058347c700                      Options.use_adaptive_mutex: 0
2020/06/23-14:09:49.843584 7f058347c700                            Options.rate_limiter: (nil)
2020/06/23-14:09:49.843585 7f058347c700     Options.sst_file_manager.rate_bytes_per_sec: 0
2020/06/23-14:09:49.843599 7f058347c700                       Options.wal_recovery_mode: 2
2020/06/23-14:09:49.843602 7f058347c700                  Options.enable_thread_tracking: 0
2020/06/23-14:09:49.843603 7f058347c700                  Options.enable_pipelined_write: 0
2020/06/23-14:09:49.843604 7f058347c700         Options.allow_concurrent_memtable_write: 1
2020/06/23-14:09:49.843606 7f058347c700      Options.enable_write_thread_adaptive_yield: 1
2020/06/23-14:09:49.843607 7f058347c700             Options.write_thread_max_yield_usec: 100
2020/06/23-14:09:49.843608 7f058347c700            Options.write_thread_slow_yield_usec: 3
2020/06/23-14:09:49.843609 7f058347c700                               Options.row_cache: None
2020/06/23-14:09:49.843610 7f058347c700                              Options.wal_filter: None
2020/06/23-14:09:49.843611 7f058347c700             Options.avoid_flush_during_recovery: 0
2020/06/23-14:09:49.843612 7f058347c700             Options.allow_ingest_behind: 0
2020/06/23-14:09:49.843614 7f058347c700             Options.preserve_deletes: 0
2020/06/23-14:09:49.843615 7f058347c700             Options.two_write_queues: 0
2020/06/23-14:09:49.843616 7f058347c700             Options.manual_wal_flush: 0
2020/06/23-14:09:49.843617 7f058347c700             Options.atomic_flush: 0
2020/06/23-14:09:49.843618 7f058347c700             Options.avoid_unnecessary_blocking_io: 0
2020/06/23-14:09:49.843619 7f058347c700             Options.max_background_jobs: 2
2020/06/23-14:09:49.843620 7f058347c700             Options.max_background_compactions: -1
2020/06/23-14:09:49.843621 7f058347c700             Options.avoid_flush_during_shutdown: 0
2020/06/23-14:09:49.843622 7f058347c700           Options.writable_file_max_buffer_size: 1048576
2020/06/23-14:09:49.843624 7f058347c700             Options.delayed_write_rate : 16777216
2020/06/23-14:09:49.843625 7f058347c700             Options.max_total_wal_size: 0
2020/06/23-14:09:49.843626 7f058347c700             Options.delete_obsolete_files_period_micros: 21600000000
2020/06/23-14:09:49.843627 7f058347c700                   Options.stats_dump_period_sec: 600
2020/06/23-14:09:49.843628 7f058347c700                 Options.stats_persist_period_sec: 600
2020/06/23-14:09:49.843629 7f058347c700                 Options.stats_history_buffer_size: 1048576
2020/06/23-14:09:49.843631 7f058347c700                          Options.max_open_files: -1
2020/06/23-14:09:49.843632 7f058347c700                          Options.bytes_per_sync: 0
2020/06/23-14:09:49.843633 7f058347c700                      Options.wal_bytes_per_sync: 0
2020/06/23-14:09:49.843634 7f058347c700                   Options.strict_bytes_per_sync: 0
2020/06/23-14:09:49.843635 7f058347c700       Options.compaction_readahead_size: 0
2020/06/23-14:09:49.843636 7f058347c700 Compression algorithms supported:
2020/06/23-14:09:49.843638 7f058347c700 	kZSTDNotFinalCompression supported: 0
2020/06/23-14:09:49.843639 7f058347c700 	kZSTD supported: 0
2020/06/23-14:09:49.843641 7f058347c700 	kXpressCompression supported: 0
2020/06/23-14:09:49.843642 7f058347c700 	kLZ4HCCompression supported: 1
2020/06/23-14:09:49.843643 7f058347c700 	kLZ4Compression supported: 1
2020/06/23-14:09:49.843644 7f058347c700 	kBZip2Compression supported: 0
2020/06/23-14:09:49.843645 7f058347c700 	kZlibCompression supported: 0
2020/06/23-14:09:49.843647 7f058347c700 	kSnappyCompression supported: 1
2020/06/23-14:09:49.843653 7f058347c700 Fast CRC32 supported: Supported on x86
2020/06/23-14:09:49.843950 7f058347c700 [/version_set.cc:4052] Recovering from manifest file: ~/plasma-data/child_chain/MANIFEST-000005
2020/06/23-14:09:49.844049 7f058347c700 [/column_family.cc:480] --------------- Options for column family [default]:
2020/06/23-14:09:49.844054 7f058347c700               Options.comparator: leveldb.BytewiseComparator
2020/06/23-14:09:49.844055 7f058347c700           Options.merge_operator: None
2020/06/23-14:09:49.844056 7f058347c700        Options.compaction_filter: None
2020/06/23-14:09:49.844057 7f058347c700        Options.compaction_filter_factory: None
2020/06/23-14:09:49.844072 7f058347c700         Options.memtable_factory: SkipListFactory
2020/06/23-14:09:49.844075 7f058347c700            Options.table_factory: BlockBasedTable
2020/06/23-14:09:49.844119 7f058347c700            table_factory options:   flush_block_policy_factory: FlushBlockBySizePolicyFactory (0x7f052c001250)
  cache_index_and_filter_blocks: 0
  cache_index_and_filter_blocks_with_high_priority: 0
  pin_l0_filter_and_index_blocks_in_cache: 0
  pin_top_level_index_and_filter: 1
  index_type: 0
  data_block_index_type: 0
  index_shortening: 1
  data_block_hash_table_util_ratio: 0.750000
  hash_index_allow_collision: 1
  checksum: 1
  no_block_cache: 0
  block_cache: 0x7f052c0012a0
  block_cache_name: LRUCache
  block_cache_options:
    capacity : 8388608
    num_shard_bits : 4
    strict_capacity_limit : 0
    memory_allocator : None
    high_pri_pool_ratio: 0.000
  block_cache_compressed: (nil)
  persistent_cache: (nil)
  block_size: 4096
  block_size_deviation: 10
  block_restart_interval: 16
  index_block_restart_interval: 1
  metadata_block_size: 4096
  partition_filters: 0
  use_delta_encoding: 1
  filter_policy: nullptr
  whole_key_filtering: 1
  verify_compression: 0
  read_amp_bytes_per_bit: 0
  format_version: 2
  enable_index_compression: 1
  block_align: 0
2020/06/23-14:09:49.844122 7f058347c700        Options.write_buffer_size: 67108864
2020/06/23-14:09:49.844124 7f058347c700  Options.max_write_buffer_number: 2
2020/06/23-14:09:49.844125 7f058347c700          Options.compression: Snappy
2020/06/23-14:09:49.844126 7f058347c700                  Options.bottommost_compression: Disabled
2020/06/23-14:09:49.844128 7f058347c700       Options.prefix_extractor: rocksdb.FixedPrefix.5
2020/06/23-14:09:49.844129 7f058347c700   Options.memtable_insert_with_hint_prefix_extractor: nullptr
2020/06/23-14:09:49.844130 7f058347c700             Options.num_levels: 7
2020/06/23-14:09:49.844132 7f058347c700        Options.min_write_buffer_number_to_merge: 1
2020/06/23-14:09:49.844133 7f058347c700     Options.max_write_buffer_number_to_maintain: 0
2020/06/23-14:09:49.844134 7f058347c700            Options.bottommost_compression_opts.window_bits: -14
2020/06/23-14:09:49.844135 7f058347c700                  Options.bottommost_compression_opts.level: 32767
2020/06/23-14:09:49.844136 7f058347c700               Options.bottommost_compression_opts.strategy: 0
2020/06/23-14:09:49.844138 7f058347c700         Options.bottommost_compression_opts.max_dict_bytes: 0
2020/06/23-14:09:49.844139 7f058347c700         Options.bottommost_compression_opts.zstd_max_train_bytes: 0
2020/06/23-14:09:49.844140 7f058347c700                  Options.bottommost_compression_opts.enabled: false
2020/06/23-14:09:49.844141 7f058347c700            Options.compression_opts.window_bits: -14
2020/06/23-14:09:49.844142 7f058347c700                  Options.compression_opts.level: 32767
2020/06/23-14:09:49.844143 7f058347c700               Options.compression_opts.strategy: 0
2020/06/23-14:09:49.844145 7f058347c700         Options.compression_opts.max_dict_bytes: 0
2020/06/23-14:09:49.844146 7f058347c700         Options.compression_opts.zstd_max_train_bytes: 0
2020/06/23-14:09:49.844147 7f058347c700                  Options.compression_opts.enabled: false
2020/06/23-14:09:49.844148 7f058347c700      Options.level0_file_num_compaction_trigger: 4
2020/06/23-14:09:49.844149 7f058347c700          Options.level0_slowdown_writes_trigger: 20
2020/06/23-14:09:49.844150 7f058347c700              Options.level0_stop_writes_trigger: 36
2020/06/23-14:09:49.844151 7f058347c700                   Options.target_file_size_base: 67108864
2020/06/23-14:09:49.844153 7f058347c700             Options.target_file_size_multiplier: 1
2020/06/23-14:09:49.844154 7f058347c700                Options.max_bytes_for_level_base: 268435456
2020/06/23-14:09:49.844155 7f058347c700                      Options.snap_refresh_nanos: 500000000
2020/06/23-14:09:49.844156 7f058347c700 Options.level_compaction_dynamic_level_bytes: 0
2020/06/23-14:09:49.844169 7f058347c700          Options.max_bytes_for_level_multiplier: 10.000000
2020/06/23-14:09:49.844174 7f058347c700 Options.max_bytes_for_level_multiplier_addtl[0]: 1
2020/06/23-14:09:49.844175 7f058347c700 Options.max_bytes_for_level_multiplier_addtl[1]: 1
2020/06/23-14:09:49.844177 7f058347c700 Options.max_bytes_for_level_multiplier_addtl[2]: 1
2020/06/23-14:09:49.844178 7f058347c700 Options.max_bytes_for_level_multiplier_addtl[3]: 1
2020/06/23-14:09:49.844179 7f058347c700 Options.max_bytes_for_level_multiplier_addtl[4]: 1
2020/06/23-14:09:49.844180 7f058347c700 Options.max_bytes_for_level_multiplier_addtl[5]: 1
2020/06/23-14:09:49.844181 7f058347c700 Options.max_bytes_for_level_multiplier_addtl[6]: 1
2020/06/23-14:09:49.844183 7f058347c700       Options.max_sequential_skip_in_iterations: 8
2020/06/23-14:09:49.844184 7f058347c700                    Options.max_compaction_bytes: 1677721600
2020/06/23-14:09:49.844185 7f058347c700                        Options.arena_block_size: 8388608
2020/06/23-14:09:49.844186 7f058347c700   Options.soft_pending_compaction_bytes_limit: 68719476736
2020/06/23-14:09:49.844187 7f058347c700   Options.hard_pending_compaction_bytes_limit: 274877906944
2020/06/23-14:09:49.844189 7f058347c700       Options.rate_limit_delay_max_milliseconds: 100
2020/06/23-14:09:49.844190 7f058347c700                Options.disable_auto_compactions: 0
2020/06/23-14:09:49.844192 7f058347c700                        Options.compaction_style: kCompactionStyleLevel
2020/06/23-14:09:49.844194 7f058347c700                          Options.compaction_pri: kMinOverlappingRatio
2020/06/23-14:09:49.844195 7f058347c700 Options.compaction_options_universal.size_ratio: 1
2020/06/23-14:09:49.844196 7f058347c700 Options.compaction_options_universal.min_merge_width: 2
2020/06/23-14:09:49.844197 7f058347c700 Options.compaction_options_universal.max_merge_width: 4294967295
2020/06/23-14:09:49.844199 7f058347c700 Options.compaction_options_universal.max_size_amplification_percent: 200
2020/06/23-14:09:49.844200 7f058347c700 Options.compaction_options_universal.compression_size_percent: -1
2020/06/23-14:09:49.844201 7f058347c700 Options.compaction_options_universal.stop_style: kCompactionStopStyleTotalSize
2020/06/23-14:09:49.844203 7f058347c700 Options.compaction_options_fifo.max_table_files_size: 1073741824
2020/06/23-14:09:49.844204 7f058347c700 Options.compaction_options_fifo.allow_compaction: 0
2020/06/23-14:09:49.844205 7f058347c700                   Options.table_properties_collectors: 
2020/06/23-14:09:49.844206 7f058347c700                   Options.inplace_update_support: 0
2020/06/23-14:09:49.844208 7f058347c700                 Options.inplace_update_num_locks: 10000
2020/06/23-14:09:49.844209 7f058347c700               Options.memtable_prefix_bloom_size_ratio: 0.000000
2020/06/23-14:09:49.844210 7f058347c700               Options.memtable_whole_key_filtering: 0
2020/06/23-14:09:49.844212 7f058347c700   Options.memtable_huge_page_size: 0
2020/06/23-14:09:49.844213 7f058347c700                           Options.bloom_locality: 0
2020/06/23-14:09:49.844214 7f058347c700                    Options.max_successive_merges: 0
2020/06/23-14:09:49.844215 7f058347c700                Options.optimize_filters_for_hits: 0
2020/06/23-14:09:49.844216 7f058347c700                Options.paranoid_file_checks: 0
2020/06/23-14:09:49.844217 7f058347c700                Options.force_consistency_checks: 0
2020/06/23-14:09:49.844218 7f058347c700                Options.report_bg_io_stats: 0
2020/06/23-14:09:49.844219 7f058347c700                               Options.ttl: 0
2020/06/23-14:09:49.844221 7f058347c700          Options.periodic_compaction_seconds: 0
2020/06/23-14:09:49.850226 7f058347c700 [/version_set.cc:4257] Recovered from manifest file:~/plasma-data/child_chain/MANIFEST-000005 succeeded,manifest_file_number is 5, next_file_number is 7, last_sequence is 0, log_number is 4,prev_log_number is 0,max_column_family is 0,min_log_number_to_keep is 0
2020/06/23-14:09:49.850239 7f058347c700 [/version_set.cc:4273] Column family [default] (ID 0), log number is 4
2020/06/23-14:09:49.850355 7f058347c700 EVENT_LOG_v1 {"time_micros": 1592914189850350, "job": 1, "event": "recovery_started", "log_files": [6]}
2020/06/23-14:09:49.850361 7f058347c700 [/db_impl_open.cc:595] Recovering log #6 mode 2
2020/06/23-14:09:49.858332 7f058347c700 EVENT_LOG_v1 {"time_micros": 1592914189858296, "cf_name": "default", "job": 1, "event": "table_file_creation", "file_number": 7, "file_size": 1103, "table_properties": {"data_size": 321, "index_size": 44, "index_partitions": 0, "top_level_index_size": 0, "index_key_is_user_key": 0, "index_value_is_delta_encoded": 0, "filter_size": 0, "raw_key_size": 629, "raw_average_key_size": 39, "raw_value_size": 48, "raw_average_value_size": 3, "num_data_blocks": 1, "num_entries": 16, "num_deletions": 0, "num_merge_operands": 0, "num_range_deletions": 0, "format_version": 0, "fixed_key_len": 0, "filter_policy": "", "column_family_name": "default", "column_family_id": 0, "comparator": "leveldb.BytewiseComparator", "merge_operator": "nullptr", "prefix_extractor_name": "rocksdb.FixedPrefix.5", "property_collectors": "[]", "compression": "Snappy", "compression_options": "window_bits=-14; level=32767; strategy=0; max_dict_bytes=0; zstd_max_train_bytes=0; enabled=0; ", "creation_time": 1592914189, "oldest_key_time": 3, "file_creation_time": 0}}
2020/06/23-14:09:49.858387 7f058347c700 [/version_set.cc:3545] Creating manifest 8
2020/06/23-14:09:49.872264 7f058347c700 EVENT_LOG_v1 {"time_micros": 1592914189872259, "job": 1, "event": "recovery_finished"}
2020/06/23-14:09:49.880764 7f058347c700 DB pointer 0x7f052c0034f0
2020/06/23-14:09:49.883535 7f050d7fa700 [/db_impl.cc:778] ------- DUMPING STATS -------
2020/06/23-14:09:49.883572 7f050d7fa700 [/db_impl.cc:780] 
** DB Stats **
Uptime(secs): 0.0 total, 0.0 interval
Cumulative writes: 0 writes, 0 keys, 0 commit groups, 0.0 writes per commit group, ingest: 0.00 GB, 0.00 MB/s
Cumulative WAL: 0 writes, 0 syncs, 0.00 writes per sync, written: 0.00 GB, 0.00 MB/s
Cumulative stall: 00:00:0.000 H:M:S, 0.0 percent
Interval writes: 0 writes, 0 keys, 0 commit groups, 0.0 writes per commit group, ingest: 0.00 MB, 0.00 MB/s
Interval WAL: 0 writes, 0 syncs, 0.00 writes per sync, written: 0.00 MB, 0.00 MB/s
Interval stall: 00:00:0.000 H:M:S, 0.0 percent

** Compaction Stats [default] **
Level    Files   Size     Score Read(GB)  Rn(GB) Rnp1(GB) Write(GB) Wnew(GB) Moved(GB) W-Amp Rd(MB/s) Wr(MB/s) Comp(sec) CompMergeCPU(sec) Comp(cnt) Avg(sec) KeyIn KeyDrop
----------------------------------------------------------------------------------------------------------------------------------------------------------------------------
  L0      1/0    1.08 KB   0.2      0.0     0.0      0.0       0.0      0.0       0.0   1.0      0.0      0.1      0.01              0.00         1    0.008       0      0
 Sum      1/0    1.08 KB   0.0      0.0     0.0      0.0       0.0      0.0       0.0   1.0      0.0      0.1      0.01              0.00         1    0.008       0      0
 Int      0/0    0.00 KB   0.0      0.0     0.0      0.0       0.0      0.0       0.0   1.0      0.0      0.1      0.01              0.00         1    0.008       0      0

** Compaction Stats [default] **
Priority    Files   Size     Score Read(GB)  Rn(GB) Rnp1(GB) Write(GB) Wnew(GB) Moved(GB) W-Amp Rd(MB/s) Wr(MB/s) Comp(sec) CompMergeCPU(sec) Comp(cnt) Avg(sec) KeyIn KeyDrop
-------------------------------------------------------------------------------------------------------------------------------------------------------------------------------
User      0/0    0.00 KB   0.0      0.0     0.0      0.0       0.0      0.0       0.0   0.0      0.0      0.1      0.01              0.00         1    0.008       0      0
Uptime(secs): 0.0 total, 0.0 interval
Flush(GB): cumulative 0.000, interval 0.000
AddFile(GB): cumulative 0.000, interval 0.000
AddFile(Total Files): cumulative 0, interval 0
AddFile(L0 Files): cumulative 0, interval 0
AddFile(Keys): cumulative 0, interval 0
Cumulative compaction: 0.00 GB write, 0.03 MB/s write, 0.00 GB read, 0.00 MB/s read, 0.0 seconds
Interval compaction: 0.00 GB write, 0.03 MB/s write, 0.00 GB read, 0.00 MB/s read, 0.0 seconds
Stalls(count): 0 level0_slowdown, 0 level0_slowdown_with_compaction, 0 level0_numfiles, 0 level0_numfiles_with_compaction, 0 stop for pending_compaction_bytes, 0 slowdown for pending_compaction_bytes, 0 memtable_compaction, 0 memtable_slowdown, interval 0 total count

** File Read Latency Histogram By Level [default] **

** Compaction Stats [default] **
Level    Files   Size     Score Read(GB)  Rn(GB) Rnp1(GB) Write(GB) Wnew(GB) Moved(GB) W-Amp Rd(MB/s) Wr(MB/s) Comp(sec) CompMergeCPU(sec) Comp(cnt) Avg(sec) KeyIn KeyDrop
----------------------------------------------------------------------------------------------------------------------------------------------------------------------------
  L0      1/0    1.08 KB   0.2      0.0     0.0      0.0       0.0      0.0       0.0   1.0      0.0      0.1      0.01              0.00         1    0.008       0      0
 Sum      1/0    1.08 KB   0.0      0.0     0.0      0.0       0.0      0.0       0.0   1.0      0.0      0.1      0.01              0.00         1    0.008       0      0
 Int      0/0    0.00 KB   0.0      0.0     0.0      0.0       0.0      0.0       0.0   0.0      0.0      0.0      0.00              0.00         0    0.000       0      0

** Compaction Stats [default] **
Priority    Files   Size     Score Read(GB)  Rn(GB) Rnp1(GB) Write(GB) Wnew(GB) Moved(GB) W-Amp Rd(MB/s) Wr(MB/s) Comp(sec) CompMergeCPU(sec) Comp(cnt) Avg(sec) KeyIn KeyDrop
-------------------------------------------------------------------------------------